200
0 9 1267368949 3747090849
0 108 3099949622 1260775490
0 122 3909339961 2670894863
0 135 4932943191 4278904374
0 173 3571915543 4671390876
0 177 3827799803 2746553798
0 181 1319667537 4613204734
0 183 3073913690 3176090849
1 4 1117421919 2958606811
1 42 3887486543 1214777563
1 72 3658755325 1747298976
1 109 4427504471 3698098929
1 116 4049375545 1309297270
2 63 1778715469 3092289831
2 146 1458117442 3618515117
2 194 1830997162 3241298729
3 24 2385725437 2968829563
3 85 1712607377 3673094413
3 93 1436332762 3244532358
3 95 4545406849 3189604945
3 129 1403479116 4822062062
3 198 2549531931 3262760590
4 71 1236788662 1858637795
4 113 1520710678 3711329406
4 177 4221974914 3253957770
5 30 2102334967 1396698767
5 33 3507295544 2247950743
5 65 2934892567 4870669858
5 188 1942396524 1736850850
6 30 2865404135 2656727499
6 76 1282362634 1000025062
6 112 2309997245 3332082169
6 130 4054196957 2940103953
6 132 4432465670 3920603884
6 158 1126639860 3459260281
6 185 4447182330 3764918270
6 193 4561288128 3568216543
6 199 1665406043 3214274002
7 37 3627516454 1438923888
7 58 1234690308 4908462822
7 80 3215207723 2160799012
7 83 4013264322 2714546099
7 84 2811024816 2756493131
7 94 4481554069 1373607188
7 119 2735749809 4747468972
7 156 2413698607 3507445099
7 182 2928797508 1500152426
8 179 1701831967 1150856936
9 46 2949104167 2303813012
9 83 3451006317 4635798333
9 87 1403528623 1919697442
9 191 1344120640 4602211940
9 193 2844062784 2992417408
10 165 4669377042 2564870861
11 17 1338364828 2193414874
11 77 3277033251 3794568952
11 82 4351697253 1046401334
11 131 1726243722 1636579332
12 62 4079914846 2293940267
12 105 2295407540 4371873679
12 153 1672710620 4940319101
12 157 4749706378 3827877455
12 163 1720067850 2672156386
13 89 4806358905 4591583403
13 95 2408496423 2901122598
13 111 1979220056 2529217709
13 168 3516503020 2305277908
14 19 4477333303 3704970615
14 39 4791544169 4258330301
14 83 4215198788 3345257909
14 85 1652026704 3060669905
14 121 3768514496 2796279034
14 159 3080287384 2023672776
14 181 3035558534 4709381931
14 185 4771538743 2723668377
15 104 2509890906 2452477739
15 184 2420936022 1801381885
16 32 3465081224 1940458791
16 58 3725112016 4456223657
16 89 3455431119 1953990020
16 116 2670587983 1689105825
16 168 4486704959 4303338991
16 169 2560932713 1877567423
16 196 4345184562 3221360979
17 160 2859698345 2037132774
17 167 2059437366 2957303973
18 92 4800410064 4086542928
18 103 2726957780 1969362766
18 106 3231994951 2358545444
18 133 4193872362 3730133384
19 58 1522805209 4999339300
19 101 2538477129 3646090670
19 116 3254062842 3489125723
19 121 3231774528 2683452301
19 122 4919044930 1044949296
19 143 2636627688 3186962142
19 160 2932026202 3698812665
19 163 1953515818 3337178598
19 185 2787653730 1550468844
19 188 2795631972 1416167205
20 29 1716473547 4894513425
20 57 1638301052 1727872584
20 65 1311071174 4961373982
20 91 4979451445 2524608260
20 101 1656837014 4304456102
20 102 1219813901 3710548041
20 109 4858848821 2651787247
20 134 1353071990 3719153446
20 181 4018339281 1092543274
21 22 4564908698 1129413084
21 71 2454781526 3186445975
21 75 2373407062 3037882010
21 185 2367574468 3626273595
21 190 1732066762 1892775050
22 26 4193196999 2266780128
22 66 2485435254 2688693816
22 72 2953099690 2092022431
22 105 1454933917 4585304767
22 126 2020680807 2391064491
22 129 3682576566 4533121262
22 130 4487242659 3513459058
22 146 4394663111 4294782154
22 174 2479551937 3128898543
22 177 3618633235 3878841186
22 189 3144775240 1179744792
23 65 4614650289 1268600571
23 85 2479495879 4083810716
23 140 4901974215 2746385913
23 151 3098874250 3258953800
23 160 1783946231 3909595102
24 83 2630306778 2410741818
24 129 1099678025 4371992143
24 130 4658607365 3535881003
24 184 1545662955 4526168017
24 192 3057182585 4438722585
25 74 1504032751 2063215936
25 141 4421271868 3748022077
25 156 2690598201 1010683317
25 197 4010679777 4738224303
26 46 3692260435 1535381562
26 56 4562698860 4454303181
26 63 1054157141 1064604346
26 122 3336783396 4448026292
26 159 2814602764 4927016506
26 171 4530170868 3668592926
26 179 4055597437 3890246831
26 190 3778315613 3435140328
27 40 4078853125 4453915782
27 55 3352832492 4940880076
27 78 4503110924 3673967630
27 92 1574706099 1754413936
27 126 1669383305 1142734750
27 140 3456843947 2760123303
27 144 1237708869 1364845573
27 170 3986660143 4540839198
27 178 3066526088 4262419824
27 185 2257638895 1432389142
28 29 3867854580 1512357611
28 35 4804022628 3723934560
28 147 1444549961 1989291961
28 157 2663320904 3385762015
28 172 1480505040 2385225273
28 178 3082053408 4137508039
29 71 4063996555 2765775898
29 184 1632454021 4118680579
30 39 3645937109 4628407397
30 75 1737422688 3015230898
30 83 4090601949 3990034277
30 109 4757000428 4273759368
30 135 1820408072 3618853094
30 181 3683741247 1904255354
31 43 4844820267 3144709711
31 77 1788897845 4558268918
31 102 3544942117 3345500276
31 124 4070116064 4922473150
31 126 1936079226 1693866518
31 134 2263878566 1599938856
31 136 1939206539 2011443378
31 164 3586559671 4189824083
32 41 4648470373 1742734349
32 71 4748722499 2370670132
32 86 1521654120 2953165528
32 150 1377388733 1760734263
32 177 1330381157 4597106765
32 179 4851612502 1734728172
32 196 4316014282 1020045057
33 40 2609172501 4022365538
33 43 2134645967 3151587764
33 47 4735861900 1208452912
33 61 2479226496 1999521046
33 74 3228760248 3322418162
33 117 3918668750 2952789085
33 120 4421120917 3932466436
33 138 2261563915 2399473688
33 152 4275629481 2266877265
34 38 1466162725 1242648023
34 41 4161349376 1238721242
34 116 2157177724 2860600128
34 136 2857142769 3289686941
34 138 2327556758 3268405976
34 143 1270554748 1210858490
35 40 3308319269 1514766805
35 42 3215865613 3800189982
35 76 1872201085 3803775335
35 88 3813330501 2722998756
36 72 3308184791 2980004516
36 82 4587330822 4107736175
36 85 4993055027 2015470579
36 90 1076017565 1901357624
36 97 2801354355 4990229049
36 107 4647448206 1248585894
36 191 1106229455 1088703703
37 52 2053788759 3178093230
37 63 2551720503 4870161574
37 68 3583417706 1167281087
37 101 3319623461 4035405831
37 116 4205136785 4397513830
37 183 3800840695 1944573024
38 39 2865691171 3075490098
38 120 3758801356 4802504902
38 146 4257248536 4093815456
38 164 3642442217 4063928390
38 171 3620750853 2810387217
38 172 1254544510 1283349675
38 181 1629615322 1869892548
39 113 3624283663 2233879145
39 117 2817322912 3233396744
39 186 2605411595 1181031865
39 189 1915666207 1133242881
40 56 3372093082 1152651242
40 64 1980506444 3142812054
40 96 4297835524 3502292707
40 98 1611325262 4716169371
40 149 3155535391 1471740393
41 45 2325657376 2836651120
42 62 2713651549 1248497147
42 91 4603759025 4670824227
43 156 2888745429 4601217537
43 197 1296383152 2164879247
44 51 2935238696 1960898976
44 84 4061260999 4137061581
44 89 1971800693 3686093014
44 106 3420062034 2815260681
44 154 3627900322 2877655285
44 157 3334103535 2264925047
44 162 3787666608 4491075521
44 181 3854622672 3274781948
45 175 3174620735 2752321761
46 121 3431037993 3505944505
46 158 4375393142 3438108937
46 187 2969972980 1103773484
47 57 1501594333 1697115771
47 77 3111342545 4043869621
47 87 1056720115 2210579350
47 131 4149415049 1257015731
47 139 3449469722 2664030054
47 144 4454513599 2289282040
47 184 1343458958 3719074330
48 55 2052351421 2748943244
48 84 2609109555 3270315496
48 147 1742379764 1812932904
48 153 4823074358 2080816600
48 192 2895605738 3911257921
48 199 1355199498 3987168487
49 64 1594378468 3253786646
49 147 3267670062 2553189016
49 170 1747878088 2138700628
49 174 3158981442 1300696640
49 182 4385954900 2318541719
49 196 2865909438 1993699715
50 181 2852678470 1462456101
51 93 3485300792 4968527385
51 148 3480001105 2980123466
51 198 2046761026 2771703852
52 63 3126284995 4457050019
52 101 3789271460 3271829824
52 128 4226272276 1836441590
52 135 3966448709 2688702738
52 141 1354737394 3147726734
52 142 3004393466 4614276384
53 62 4007774613 3837859023
53 66 4432672620 1944410468
53 124 1272407687 2589775099
53 139 4996368541 3559165518
53 177 4842136252 3118387078
54 63 1939757980 2638615974
54 122 4283356391 2979105539
54 136 4615304994 3189520643
54 140 4626725159 1459372300
54 158 4159046104 3769495989
54 161 4989254412 2157715211
54 195 2011663385 3640438927
55 77 1026795355 2275704652
55 90 1290363416 3820820704
55 100 1149587915 4898570333
55 115 3658472780 1352814075
55 161 4894036896 2947660728
55 172 1083435809 4527639624
55 177 1430863380 1729222155
55 183 4188424911 1644644724
56 120 3528636592 4149622966
56 135 3401909727 1170026012
56 161 4878475779 4059909082
56 167 3529075155 3490798504
56 181 1230553030 1860635707
57 59 4646660388 1935547217
57 110 4564461520 4339156898
57 111 2191469133 1148532044
57 141 3369722375 2907098248
57 149 4406134148 4804912877
58 108 3833503379 1772428114
58 160 2811102901 4065111283
58 172 3001428904 1279806711
59 159 1475417525 1222308601
59 175 1878967321 2376006185
60 78 1262614305 2530499287
60 132 2530262815 2857164099
60 136 3941811651 3485716305
60 143 1975086932 1324611982
60 153 2566154133 4046842543
60 187 4603540608 3660522404
61 133 1162293527 2075684285
61 136 4764116283 1417328108
62 86 2540512324 3336833057
62 90 4950501919 2179441794
62 118 3858416614 1932957648
62 189 1292581811 1108174375
63 95 3261761477 1753009095
63 127 2555214908 3583038605
63 168 4642910495 2225978708
63 183 1525823495 4111502623
63 188 4937237673 4905555164
63 195 3210005931 4572369705
64 65 4134894052 2960523340
64 141 2940161490 1472789034
65 108 1196479311 3384056111
65 135 4870040440 1649067085
65 154 4380035938 2330290814
66 77 2449060537 1173446256
66 85 3512624717 1735251038
66 112 2757026363 4665483365
66 161 4742144708 3036696209
67 142 1673651484 3988960063
68 73 1757666737 1247897752
68 102 2685854387 2836892814
69 103 3334699116 3095960158
69 137 2588864931 1930791343
69 139 3264744120 4436716790
69 147 3607439283 1614167172
69 151 1769184884 1172979343
69 159 4633689035 3825798029
70 95 4800966453 2171176756
71 106 4765593724 1880792981
71 110 2875173215 2021915693
71 133 3762299855 4521766441
71 168 3927709319 4183787672
71 192 2285594713 3820716161
72 108 2918815288 3184726494
72 144 3922983557 4940816750
72 152 3530810299 2544675265
72 193 2055850224 4230842653
73 89 4574620083 2962650343
73 91 3191935895 2497393018
73 105 2665936298 4003623871
73 119 1547658594 2871034368
73 125 4296340698 4470120871
73 167 3548779955 1281737503
73 176 2316995461 1821156727
73 184 1486093524 2531382123
74 120 4140569325 3119634317
74 123 2142234606 2085307109
74 127 3254939878 4916221480
74 166 3298967576 3678300550
74 190 4023253764 4917990557
75 142 1577026631 2540218929
75 168 1556690365 2563988201
75 180 1992968523 4161331740
76 105 3028098548 3561921931
76 172 3623442573 2997876890
77 90 1377683295 3830153259
77 94 2651872220 1741764469
77 148 3483860632 3420381251
77 162 1657699186 2519203173
77 178 2919729968 2126615741
78 133 4634928462 3116533709
78 171 2180068381 2952143652
78 185 3349318673 2154539778
79 85 4711303171 4239885620
79 92 3253794643 4036969092
79 111 2679677574 2166137818
79 150 3562853375 2191627057
79 164 1731320348 2919858064
80 141 3958420595 3125894245
80 168 2035332883 2996465726
80 185 4839923442 3232188819
81 82 2711447384 3229797980
81 88 2144142240 1366667862
81 101 1801179028 2829153052
81 130 2727064835 2506856881
81 148 4296669842 3587989682
81 157 3736557848 4562806613
82 95 4409528504 2360931773
82 106 4246417461 1544383344
82 165 4506112679 4668500720
83 110 2423013079 3265429495
83 168 1019392370 1879664528
84 97 4391670216 1675130701
84 112 3980987299 2482831178
84 116 3416224472 2223242880
84 152 1198876106 2902652039
84 157 4179956596 4253797581
85 170 2764992621 3274666071
86 191 2816135389 1144527498
87 93 2321633857 1944316228
87 116 1066146221 3785590885
87 132 2033395124 2272514415
87 147 4620833746 2720516794
87 182 4026332234 4500044656
88 124 4206303013 3000255711
88 136 3615066114 4751118869
88 147 3665971140 2792470530
89 107 1283454450 3864221666
89 129 3122220913 2097216704
89 143 1432114212 3169616193
90 153 2146310881 4630585166
91 101 2710806998 1832787735
91 121 2996978836 2721230375
91 159 3380703399 2728917067
91 181 3209857283 3605789794
93 194 2368529224 2184059291
94 123 4138206839 3305268777
94 158 4619297604 4603478592
94 171 3525841395 2161003270
95 144 3525928520 4355013703
95 173 4871108834 4688671241
95 199 2596959539 4563595529
96 108 3085838765 1765021531
96 109 4290039660 1200547346
96 117 3391258846 3009244934
96 121 4466855246 3952729838
96 122 4214549877 1754422338
96 139 1618310218 2061339915
96 144 4555636394 4907371783
96 180 3223854106 3601832101
97 153 1940550865 1082789648
97 158 2450800354 4340564823
97 159 1030739153 3372558281
98 129 3306832089 1806925127
99 106 1579968985 1100647628
99 118 3721010928 4525291028
100 118 4440864817 3214551394
100 161 2725240991 3608943457
101 122 1035581498 1890017574
101 125 4247551046 3348176390
101 170 3546867862 2394517492
101 171 1850416893 1281394549
103 145 4175992986 2487134036
104 120 2443982696 4839616049
104 126 4590256401 3624733652
104 144 1440823031 4671132367
105 149 4059415008 1301944067
106 181 2096333704 1419771439
108 122 2162992601 1522445272
108 168 2066993909 3780513339
109 121 2574194774 1976152086
109 132 3004194555 4932693148
109 155 2602316742 1573439737
109 190 2170975546 1919803877
110 155 1184067680 1169503853
110 180 3017508369 4141052042
110 199 4293247088 4331498662
111 143 4090139905 3987429407
111 153 3047785117 3911530702
111 176 3013543425 1650163255
111 193 1906810112 1386243940
112 139 3845720980 3347568028
112 147 3460662126 3697096279
112 151 3314487134 2555384842
113 126 2343600366 1193813129
113 163 3030309994 2305476506
113 195 4907517255 2382873449
114 138 3583574724 2657140657
114 139 2587265568 1717483672
114 150 1371754473 2923851786
114 188 3291858394 3734311476
115 123 4669387538 3426615608
115 197 1882984383 2576143955
116 145 2048205431 3418326699
116 165 1052685248 4005422986
116 190 4645597392 4208134372
116 199 4320399465 2577070374
117 125 1049728182 1903191269
117 155 3541857425 2418596584
117 193 2471984170 4244994928
119 128 2239160843 4895139112
119 131 2132526317 2715285428
119 138 3176836944 2864373464
119 150 2256696453 4733721953
119 185 4048314462 3412966963
120 129 1733797141 3578154682
120 135 3371706242 4502831494
120 174 2639437627 1135803296
120 178 4197145803 1657931873
120 182 4207429710 3097086544
121 123 3647678318 1356588086
121 183 2220186650 1158436365
121 198 3972356020 3601494299
122 124 3036551456 4630434993
122 160 2885459433 3888499555
122 183 2524847125 4701129108
122 194 2440142979 3490714722
123 158 4729804853 3530657188
124 197 4945934114 2132662492
125 129 1995103401 2409457510
125 179 4460203524 1153359152
126 161 1015772770 2443218477
127 184 1875395105 3698730430
128 145 4488970736 2349862958
128 156 3723087653 3808282329
128 168 3265238653 1567724831
128 180 2456320883 1440373516
128 199 4907486826 3177645022
129 130 3841747910 1259200566
129 143 1987069948 2371294591
129 164 3636723382 2807812198
129 168 3567052481 1774661515
130 138 3245490990 3460311677
130 166 2806825256 3318728597
131 158 4541156566 3603653550
131 177 1547802627 4561209357
131 199 3720827639 1673424420
132 150 1211481670 2922907856
132 155 3647529947 1734227604
134 158 3703065724 4574408612
134 162 4543173618 3108321032
136 138 4059847445 2131978795
136 139 4578298081 2290031851
136 141 3426237299 2254407888
137 177 4553288619 4634809260
139 172 4337248276 2384223164
139 180 3249801973 1786174259
140 143 1187093064 4917558480
140 146 2707306980 1300336848
141 169 2800284352 3882180222
141 170 4582000618 1658848507
143 151 2511058526 2616281745
143 154 4533613703 3360659831
143 162 1593418767 3238539717
143 163 2707424865 4880632020
143 176 1531845143 2286643705
144 168 2066160738 1213060671
144 191 3926698865 3601935441
144 193 2791119194 1452888356
145 171 1465870106 3422730011
146 174 2389662624 1281393863
147 179 4003530611 2433594103
147 183 3093289558 2356543585
148 153 1026363496 4552527223
149 155 1253820274 2666055219
149 163 2396468083 3018444440
150 167 1586385087 2831520176
150 197 2009083113 1181012285
151 153 3166354363 1090983088
152 162 1012187479 2711002813
152 197 3239612225 2340084442
153 164 3851620616 4517610992
154 169 3087213247 2697376802
154 197 4674475690 4533226458
155 184 2344317171 4994159975
156 193 4221569084 1966986389
157 180 4108656846 1508442850
159 163 2661227342 4222502610
159 190 1221202885 1255777238
159 199 2108067239 2307229618
160 165 3580186554 4449099455
160 178 2197208625 1947081420
161 174 1598261867 3373366955
163 173 2952276286 3187365008
163 175 3586693452 1944055309
164 166 4809549105 4824373421
166 183 2731072007 1370525642
166 196 2522723136 2332641277
167 194 3843016972 4140924834
168 176 3104585077 2591265081
168 177 2961887378 2937943142
168 179 3244310688 1259460954
168 187 3210326609 4333250071
168 190 4392408221 2127896125
169 170 4116510773 1520067358
170 196 2819290700 2566229829
171 190 4281647943 4723547450
175 176 3694128966 3325596357
175 183 2946230795 1751319842
175 191 1032879342 1677620035
179 188 3087964178 2112989927
179 190 3281372812 2331414305
180 189 1199341335 2623727808
180 198 3813611077 2449564233
186 188 3496842332 4299782981
186 199 3591643912 4379014531
188 195 1474402855 1960398099
190 194 2619827901 2625842757
192 198 2567663943 3965036826
193 198 2583943743 4487345956
197 199 1794778096 2073267055
